HEDERA_NETWORK=testnet
HEDERA_ACCOUNT_ID=0.0.123456
HEDERA_PRIVATE_KEY=302e020100300506032b657004220420...
PAYMENT_ACCOUNT_ID=0.0.123456
ACCESS_PRICE_USD=1.00
